<Application>
Version=2.66.2.0
LoggedIn=Security Disabled
Language [VersaStudio]=English (United States) [en-US]
Language [Region and Language]=English (United States) [en-US]
Language [Windows Operating System]=English (United States) [en-US]
</Application>

<Instrument>
Options=FRA, 2Amp, EIS <Filter:Normal>
Model=-400
BoosterDetails=None
Firmware=2.66.1.0,2.54.2,2.54.2
SN=15230229
Type=VersaSTAT4
</Instrument>

<Experiment>
TimeAcquired=3:40:55 PM
DateAcquired=Friday, April 04, 2025
DataFormat=Binary
GeneralOptions=Cathodic Beta Constant 
InstrumentOptions=Isolation Mode 
</Experiment>

<Action0>
Limits2,Value=0
Limits2,Direction=<
Limits2,Limits=None
Limits1,Value=0
Limits1,Direction=<
Limits1,Limits=None
RotationRateConversionFactor=0.00025
Measured Open Circuit=-207.333 mV
E2 Cell to Use=Internal
Remeasure OC Per Action (External Cell)=No
Mass (g)=0
Equivalent Weight (g)=0
Density (g/ml)=0
Working Electrode Area (cm2)=1
RDE Speed (Volts)=0
Working Electrode Type=Unspecified
Reference Electrode=(unspecified) (0 Volts)
Segments=0
Comment=Enter comments about the experiment here.
Name=Common
</Action0>

<Action1>
Limits2,Value=0
Limits2,Direction=<
Limits2,Limits=None
Limits1,Value=0
Limits1,Direction=<
Limits1,Limits=None
Use Previous=No
User Defined (ohms)=0
Cell to Use=External
Leave Cell ON=No
iR Compensation=Disabled
LCI Bandwidth Limit=Auto
Bandwidth Limit=Auto
I Filter=Auto
E2 Filter=Auto
E Filter=Auto
Electrometer Mode=Differential
Acquisition Mode=Auto
VoltageRange=+/-6V
Current Range=2A
Total Points=681
Scan Rate (mV/s)=100
Step Time (s)=0.1
Step Height (mV)=10
Final Potential (V),Versus=vs Ref
Final Potential (V),Value=0
Vertex 2 Potential (V),Acquire at Hold=No
Vertex 2 Potential (V),Vertex Hold=0
Vertex 2 Potential (V),Versus=vs Ref
Vertex 2 Potential (V),Value=1.8
Vertex 1 Potential (V),Acquire at Hold=No
Vertex 1 Potential (V),Vertex Hold=0
Vertex 1 Potential (V),Versus=vs Ref
Vertex 1 Potential (V),Value=-1.6
Initial Potential (V),Versus=vs Ref
Initial Potential (V),Value=0
Segments=3
ParentNode=Common
Name=Multi-Vertex Scan
</Action1>

<StripView>
Show=False
</StripView>

<DataView>
ShowDCLabels=False
ShowACLabels=False
ShowDataFilter=False
ShowEvery=100
DataReduction=1
ViewSegments=All Segments
Show=True
</DataView>

<Overlays>
Show=True
</Overlays>

<Segment1>
Type=1
Version=3
Definition=Segment #, Point #, E(V), I(A), Elapsed Time(s), ADC Sync Input(V), Current Range, Status, E Applied(V), Frequency(Hz), E Real, E Imag, I Real, I Imag, Z Real, Z Imag, E2 Status, E2(V), E2 Real, E2 Imag, Z2 Real, Z2 Imag, ActionId, AC Amplitude, 0
0,0,0.000307,-0.0002453651,0.1,0.001525902,2,131330,0,0,0,0,0,0,0,0,0,0,0,0,0,0,39,0
0,1,-0.009200896,-0.0002453651,0.2,0.001525902,2,131074,-0.01,0,0,0,0,0,0,0,0,0,0,0,0,0,39,0
0,2,-0.01932221,-0.0003067064,0.3,0.001831083,2,131074,-0.02,0,0,0,0,0,0,0,0,0,0,0,0,0,39,0
0,3,-0.02913681,-0.0002453651,0.4,0.001831083,2,131074,-0.03,0,0,0,0,0,0,0,0,0,0,0,0,0,39,0
0,4,-0.03925812,-0.0003067064,0.5,0.001525902,2,131074,-0.04,0,0,0,0,0,0,0,0,0,0,0,0,0,39,0
0,5,-0.04937943,-0.0002453651,0.6,0.001525902,2,131074,-0.05,0,0,0,0,0,0,0,0,0,0,0,0,0,39,0
0,6,-0.05919403,-0.0003067064,0.7,0.001525902,2,131074,-0.06,0,0,0,0,0,0,0,0,0,0,0,0,0,39,0
0,7,-0.06931534,-0.0003067064,0.8,0.001831083,2,131074,-0.07,0,0,0,0,0,0,0,0,0,0,0,0,0,39,0
0,8,-0.07912994,-0.0002453651,0.9,0.001831083,2,131074,-0.08,0,0,0,0,0,0,0,0,0,0,0,0,0,39,0
0,9,-0.08925125,-0.0003067064,1,0.001525902,2,131074,-0.09,0,0,0,0,0,0,0,0,0,0,0,0,0,39,0
0,10,-0.09937256,-0.0003067064,1.1,0.001525902,2,131074,-0.09999999,0,0,0,0,0,0,0,0,0,0,0,0,0,39,0
0,11,-0.1091872,-0.0003067064,1.2,0.001525902,2,131074,-0.11,0,0,0,0,0,0,0,0,0,0,0,0,0,39,0
0,12,-0.1193085,-0.0003067064,1.3,0.001831083,2,131074,-0.12,0,0,0,0,0,0,0,0,0,0,0,0,0,39,0
0,13,-0.1291231,-0.0003067064,1.4,0.001525902,2,131074,-0.13,0,0,0,0,0,0,0,0,0,0,0,0,0,39,0
0,14,-0.1392444,-0.0003067064,1.5,0.001525902,2,131074,-0.14,0,0,0,0,0,0,0,0,0,0,0,0,0,39,0
0,15,-0.1493657,-0.0003067064,1.6,0.001525902,2,131074,-0.15,0,0,0,0,0,0,0,0,0,0,0,0,0,39,0
0,16,-0.1591803,-0.0003067064,1.7,0.001525902,2,131074,-0.16,0,0,0,0,0,0,0,0,0,0,0,0,0,39,0
0,17,-0.1689949,-0.0003067064,1.8,0.001831083,2,131074,-0.17,0,0,0,0,0,0,0,0,0,0,0,0,0,39,0
0,18,-0.1791162,-0.0003067064,1.9,0.001525902,2,131074,-0.18,0,0,0,0,0,0,0,0,0,0,0,0,0,39,0
0,19,-0.1892375,-0.0003067064,2,0.001525902,2,131074,-0.19,0,0,0,0,0,0,0,0,0,0,0,0,0,39,0
0,20,-0.1990521,-0.0003067064,2.1,0.001525902,2,131074,-0.2,0,0,0,0,0,0,0,0,0,0,0,0,0,39,0
0,21,-0.2091734,-0.0003067064,2.2,0.001831083,2,131074,-0.21,0,0,0,0,0,0,0,0,0,0,0,0,0,39,0
0,22,-0.2192947,-0.0003067064,2.3,0.001831083,2,131074,-0.22,0,0,0,0,0,0,0,0,0,0,0,0,0,39,0
0,23,-0.2291093,-0.0003067064,2.4,0.001525902,2,131074,-0.23,0,0,0,0,0,0,0,0,0,0,0,0,0,39,0
0,24,-0.2392306,-0.0003067064,2.5,0.001525902,2,131074,-0.24,0,0,0,0,0,0,0,0,0,0,0,0,0,39,0
0,25,-0.2490453,-0.0003680476,2.6,0.001525902,2,131074,-0.25,0,0,0,0,0,0,0,0,0,0,0,0,0,39,0
0,26,-0.2591666,-0.0003067064,2.7,0.001831083,2,131074,-0.26,0,0,0,0,0,0,0,0,0,0,0,0,0,39,0
0,27,-0.2689812,-0.0003680476,2.8,0.001831083,2,131074,-0.27,0,0,0,0,0,0,0,0,0,0,0,0,0,39,0
0,28,-0.2791025,-0.0003067064,2.9,0.001525902,2,131074,-0.28,0,0,0,0,0,0,0,0,0,0,0,0,0,39,0
0,29,-0.2889171,-0.0003067064,3,0.001525902,2,131074,-0.29,0,0,0,0,0,0,0,0,0,0,0,0,0,39,0
0,30,-0.2990384,-0.0003680476,3.1,0.001525902,2,131074,-0.3,0,0,0,0,0,0,0,0,0,0,0,0,0,39,0
0,31,-0.3091597,-0.0003067064,3.2,0.001525902,2,131074,-0.31,0,0,0,0,0,0,0,0,0,0,0,0,0,39,0
0,32,-0.3189743,-0.0003680476,3.3,0.001831083,2,131074,-0.32,0,0,0,0,0,0,0,0,0,0,0,0,0,39,0
0,33,-0.3290956,-0.0003067064,3.4,0.001525902,2,131074,-0.33,0,0,0,0,0,0,0,0,0,0,0,0,0,39,0
0,34,-0.3392169,-0.0003680476,3.5,0.001525902,2,131074,-0.34,0,0,0,0,0,0,0,0,0,0,0,0,0,39,0
0,35,-0.3490315,-0.0003680476,3.6,0.001525902,2,131074,-0.35,0,0,0,0,0,0,0,0,0,0,0,0,0,39,0
0,36,-0.3588461,-0.0003067064,3.7,0.001831083,2,131074,-0.36,0,0,0,0,0,0,0,0,0,0,0,0,0,39,0
0,37,-0.3689674,-0.0003680476,3.8,0.001525902,2,131074,-0.37,0,0,0,0,0,0,0,0,0,0,0,0,0,39,0
0,38,-0.3790887,-0.0003067064,3.9,0.001525902,2,131074,-0.38,0,0,0,0,0,0,0,0,0,0,0,0,0,39,0
0,39,-0.38921,-0.0003680476,4,0.001525902,2,131074,-0.39,0,0,0,0,0,0,0,0,0,0,0,0,0,39,0
0,40,-0.3990247,-0.0003680476,4.1,0.001525902,2,131074,-0.4,0,0,0,0,0,0,0,0,0,0,0,0,0,39,0
0,41,-0.4088393,-0.0003680476,4.2,0.001525902,2,131074,-0.41,0,0,0,0,0,0,0,0,0,0,0,0,0,39,0
0,42,-0.4189606,-0.0004293889,4.3,0.001831083,2,131074,-0.42,0,0,0,0,0,0,0,0,0,0,0,0,0,39,0
0,43,-0.4290819,-0.0003680476,4.4,0.001831083,2,131074,-0.43,0,0,0,0,0,0,0,0,0,0,0,0,0,39,0
0,44,-0.4388965,-0.0004293889,4.5,0.001525902,2,131074,-0.44,0,0,0,0,0,0,0,0,0,0,0,0,0,39,0
0,45,-0.4490178,-0.0004293889,4.6,0.001525902,2,131074,-0.45,0,0,0,0,0,0,0,0,0,0,0,0,0,39,0
0,46,-0.4588324,-0.0004293889,4.7,0.001525902,2,131074,-0.46,0,0,0,0,0,0,0,0,0,0,0,0,0,39,0
0,47,-0.4689537,-0.0004293889,4.8,0.001525902,2,131074,-0.47,0,0,0,0,0,0,0,0,0,0,0,0,0,39,0
0,48,-0.479075,-0.0004293889,4.9,0.001831083,2,131074,-0.48,0,0,0,0,0,0,0,0,0,0,0,0,0,39,0
0,49,-0.4888896,-0.0004907302,5,0.001831083,2,131074,-0.49,0,0,0,0,0,0,0,0,0,0,0,0,0,39,0
0,50,-0.4990109,-0.0004293889,5.1,0.001831083,2,131074,-0.5,0,0,0,0,0,0,0,0,0,0,0,0,0,39,0
0,51,-0.5091322,-0.0004907302,5.2,0.001525902,2,131074,-0.51,0,0,0,0,0,0,0,0,0,0,0,0,0,39,0
0,52,-0.5189468,-0.0004907302,5.3,0.001525902,2,131074,-0.52,0,0,0,0,0,0,0,0,0,0,0,0,0,39,0
0,53,-0.5290682,-0.0004293889,5.4,0.001525902,2,131074,-0.53,0,0,0,0,0,0,0,0,0,0,0,0,0,39,0
0,54,-0.5388827,-0.0004907302,5.5,0.001525902,2,131074,-0.54,0,0,0,0,0,0,0,0,0,0,0,0,0,39,0
0,55,-0.5490041,-0.0004907302,5.6,0.001831083,2,131074,-0.55,0,0,0,0,0,0,0,0,0,0,0,0,0,39,0
0,56,-0.5588186,-0.0004907302,5.7,0.001831083,2,131074,-0.56,0,0,0,0,0,0,0,0,0,0,0,0,0,39,0
0,57,-0.56894,-0.0004907302,5.8,0.001525902,2,131074,-0.57,0,0,0,0,0,0,0,0,0,0,0,0,0,39,0
0,58,-0.5790613,-0.0004907302,5.9,0.001525902,2,131074,-0.58,0,0,0,0,0,0,0,0,0,0,0,0,0,39,0
0,59,-0.5888759,-0.0005520714,6,0.001525902,2,131074,-0.59,0,0,0,0,0,0,0,0,0,0,0,0,0,39,0
0,60,-0.5989972,-0.0004907302,6.1,0.001831083,2,131074,-0.6,0,0,0,0,0,0,0,0,0,0,0,0,0,39,0
0,61,-0.6088118,-0.0005520714,6.2,0.001525902,2,131074,-0.61,0,0,0,0,0,0,0,0,0,0,0,0,0,39,0
0,62,-0.6189331,-0.0004907302,6.3,0.001525902,2,131074,-0.62,0,0,0,0,0,0,0,0,0,0,0,0,0,39,0
0,63,-0.6290544,-0.0005520714,6.4,0.001525902,2,131074,-0.63,0,0,0,0,0,0,0,0,0,0,0,0,0,39,0
0,64,-0.638869,-0.0005520714,6.5,0.001525902,2,131074,-0.64,0,0,0,0,0,0,0,0,0,0,0,0,0,39,0
0,65,-0.6489903,-0.0005520714,6.6,0.001831083,2,131074,-0.65,0,0,0,0,0,0,0,0,0,0,0,0,0,39,0
0,66,-0.658805,-0.0005520714,6.7,0.001831083,2,131074,-0.66,0,0,0,0,0,0,0,0,0,0,0,0,0,39,0
0,67,-0.6689262,-0.0005520714,6.8,0.001831083,2,131074,-0.67,0,0,0,0,0,0,0,0,0,0,0,0,0,39,0
0,68,-0.6787409,-0.0005520714,6.9,0.001525902,2,131074,-0.68,0,0,0,0,0,0,0,0,0,0,0,0,0,39,0
0,69,-0.6888621,-0.0005520714,7,0.001525902,2,131074,-0.69,0,0,0,0,0,0,0,0,0,0,0,0,0,39,0
0,70,-0.6989834,-0.0005520714,7.1,0.001525902,2,131074,-0.7,0,0,0,0,0,0,0,0,0,0,0,0,0,39,0
0,71,-0.7087981,-0.0006134127,7.2,0.001831083,2,131074,-0.71,0,0,0,0,0,0,0,0,0,0,0,0,0,39,0
0,72,-0.7186127,-0.0005520714,7.3,0.001831083,2,131074,-0.72,0,0,0,0,0,0,0,0,0,0,0,0,0,39,0
0,73,-0.728734,-0.0006134127,7.4,0.001525902,2,131074,-0.73,0,0,0,0,0,0,0,0,0,0,0,0,0,39,0
0,74,-0.7388553,-0.0006134127,7.5,0.001525902,2,131074,-0.74,0,0,0,0,0,0,0,0,0,0,0,0,0,39,0
0,75,-0.7486699,-0.0006134127,7.6,0.001831083,2,131074,-0.75,0,0,0,0,0,0,0,0,0,0,0,0,0,39,0
0,76,-0.7587912,-0.0006134127,7.7,0.001831083,2,131074,-0.76,0,0,0,0,0,0,0,0,0,0,0,0,0,39,0
0,77,-0.7689125,-0.0006134127,7.8,0.001831083,2,131074,-0.77,0,0,0,0,0,0,0,0,0,0,0,0,0,39,0
0,78,-0.7787271,-0.000674754,7.9,0.001525902,2,131074,-0.78,0,0,0,0,0,0,0,0,0,0,0,0,0,39,0
0,79,-0.7888484,-0.000674754,8,0.001525902,2,131074,-0.79,0,0,0,0,0,0,0,0,0,0,0,0,0,39,0
0,80,-0.798663,-0.000674754,8.1,0.001525902,2,131074,-0.8,0,0,0,0,0,0,0,0,0,0,0,0,0,39,0
0,81,-0.8087843,-0.000674754,8.2,0.001525902,2,131074,-0.81,0,0,0,0,0,0,0,0,0,0,0,0,0,39,0
0,82,-0.8189057,-0.000674754,8.3,0.001831083,2,131074,-0.82,0,0,0,0,0,0,0,0,0,0,0,0,0,39,0
0,83,-0.8287202,-0.0007360952,8.4,0.001525902,2,131074,-0.83,0,0,0,0,0,0,0,0,0,0,0,0,0,39,0
0,84,-0.8388416,-0.0007360952,8.5,0.001525902,2,131074,-0.84,0,0,0,0,0,0,0,0,0,0,0,0,0,39,0
0,85,-0.8486562,-0.0007360952,8.6,0.001525902,2,131074,-0.85,0,0,0,0,0,0,0,0,0,0,0,0,0,39,0
0,86,-0.8587775,-0.0007974365,8.7,0.001525902,2,131074,-0.86,0,0,0,0,0,0,0,0,0,0,0,0,0,39,0
0,87,-0.8685921,-0.0007974365,8.8,0.001525902,2,131074,-0.87,0,0,0,0,0,0,0,0,0,0,0,0,0,39,0
0,88,-0.8787134,-0.0008587777,8.9,0.001525902,2,131074,-0.88,0,0,0,0,0,0,0,0,0,0,0,0,0,39,0
0,89,-0.8888347,-0.0008587777,9,0.001525902,2,131074,-0.89,0,0,0,0,0,0,0,0,0,0,0,0,0,39,0
0,90,-0.8986493,-0.000920119,9.1,0.001831083,2,131074,-0.9,0,0,0,0,0,0,0,0,0,0,0,0,0,39,0
0,91,-0.9087706,-0.000920119,9.2,0.001831083,2,131074,-0.91,0,0,0,0,0,0,0,0,0,0,0,0,0,39,0
0,92,-0.9185852,-0.0009814603,9.3,0.001525902,2,131074,-0.92,0,0,0,0,0,0,0,0,0,0,0,0,0,39,0
0,93,-0.9287065,-0.001042802,9.4,0.001525902,2,131074,-0.93,0,0,0,0,0,0,0,0,0,0,0,0,0,39,0
0,94,-0.9385211,-0.001042802,9.5,0.001525902,2,131074,-0.94,0,0,0,0,0,0,0,0,0,0,0,0,0,39,0
0,95,-0.9486424,-0.001104143,9.6,0.001525902,2,131074,-0.95,0,0,0,0,0,0,0,0,0,0,0,0,0,39,0
0,96,-0.9587637,-0.001165484,9.7,0.001525902,2,131074,-0.96,0,0,0,0,0,0,0,0,0,0,0,0,0,39,0
0,97,-0.9685783,-0.001226825,9.8,0.001831083,2,131074,-0.97,0,0,0,0,0,0,0,0,0,0,0,0,0,39,0
0,98,-0.9786996,-0.001226825,9.9,0.001831083,2,131074,-0.98,0,0,0,0,0,0,0,0,0,0,0,0,0,39,0
0,99,-0.9885142,-0.001288167,10,0.001525902,2,131074,-0.9899999,0,0,0,0,0,0,0,0,0,0,0,0,0,39,0
0,100,-0.9986355,-0.001349508,10.1,0.001525902,2,131074,-1,0,0,0,0,0,0,0,0,0,0,0,0,0,39,0
0,101,-1.00845,-0.001349508,10.2,0.001525902,2,131074,-1.01,0,0,0,0,0,0,0,0,0,0,0,0,0,39,0
0,102,-1.018571,-0.001410849,10.3,0.001525902,2,131074,-1.02,0,0,0,0,0,0,0,0,0,0,0,0,0,39,0
0,103,-1.028693,-0.00147219,10.4,0.001525902,2,131074,-1.03,0,0,0,0,0,0,0,0,0,0,0,0,0,39,0
0,104,-1.038814,-0.001594873,10.5,0.001525902,2,131074,-1.04,0,0,0,0,0,0,0,0,0,0,0,0,0,39,0
0,105,-1.048629,-0.001594873,10.6,0.001831083,2,131074,-1.05,0,0,0,0,0,0,0,0,0,0,0,0,0,39,0
0,106,-1.05875,-0.001717555,10.7,0.001525902,2,131074,-1.06,0,0,0,0,0,0,0,0,0,0,0,0,0,39,0
0,107,-1.068565,-0.001778897,10.8,0.001525902,2,131074,-1.07,0,0,0,0,0,0,0,0,0,0,0,0,0,39,0
0,108,-1.078686,-0.001901579,10.9,0.001525902,2,131074,-1.08,0,0,0,0,0,0,0,0,0,0,0,0,0,39,0
0,109,-1.0885,-0.001962921,11,0.001525902,2,131074,-1.09,0,0,0,0,0,0,0,0,0,0,0,0,0,39,0
0,110,-1.098622,-0.002085603,11.1,0.001525902,2,131074,-1.1,0,0,0,0,0,0,0,0,0,0,0,0,0,39,0
0,111,-1.108743,-0.002208286,11.2,0.001525902,2,131074,-1.11,0,0,0,0,0,0,0,0,0,0,0,0,0,39,0
0,112,-1.118558,-0.002330968,11.3,0.001525902,2,131074,-1.12,0,0,0,0,0,0,0,0,0,0,0,0,0,39,0
0,113,-1.128679,-0.002453651,11.4,0.001525902,2,131074,-1.13,0,0,0,0,0,0,0,0,0,0,0,0,0,39,0
0,114,-1.138494,-0.002576333,11.5,0.001831083,2,131074,-1.14,0,0,0,0,0,0,0,0,0,0,0,0,0,39,0
0,115,-1.148615,-0.002760357,11.6,0.001525902,2,131074,-1.15,0,0,0,0,0,0,0,0,0,0,0,0,0,39,0
0,116,-1.15843,-0.00288304,11.7,0.001831083,2,131074,-1.16,0,0,0,0,0,0,0,0,0,0,0,0,0,39,0
0,117,-1.168551,-0.003067063,11.8,0.001831083,2,131074,-1.17,0,0,0,0,0,0,0,0,0,0,0,0,0,39,0
0,118,-1.178672,-0.003251087,11.9,0.001525902,2,131074,-1.18,0,0,0,0,0,0,0,0,0,0,0,0,0,39,0
0,119,-1.188487,-0.003496452,12,0.001525902,2,131074,-1.19,0,0,0,0,0,0,0,0,0,0,0,0,0,39,0
0,120,-1.198608,-0.003680476,12.1,0.001525902,2,131074,-1.2,0,0,0,0,0,0,0,0,0,0,0,0,0,39,0
0,121,-1.208423,-0.003925841,12.2,0.001525902,2,131074,-1.21,0,0,0,0,0,0,0,0,0,0,0,0,0,39,0
0,122,-1.218544,-0.004232548,12.3,0.001525902,2,131074,-1.22,0,0,0,0,0,0,0,0,0,0,0,0,0,39,0
0,123,-1.228359,-0.004416571,12.4,0.001831083,2,131074,-1.23,0,0,0,0,0,0,0,0,0,0,0,0,0,39,0
0,124,-1.23848,-0.004784619,12.5,0.001831083,2,131074,-1.24,0,0,0,0,0,0,0,0,0,0,0,0,0,39,0
0,125,-1.248601,-0.005029984,12.6,0.001831083,2,131074,-1.25,0,0,0,0,0,0,0,0,0,0,0,0,0,39,0
0,126,-1.258416,-0.005398032,12.7,0.001831083,2,131074,-1.26,0,0,0,0,0,0,0,0,0,0,0,0,0,39,0
0,127,-1.268537,-0.005643397,12.8,0.001831083,2,131074,-1.27,0,0,0,0,0,0,0,0,0,0,0,0,0,39,0
0,128,-1.278352,-0.006011444,12.9,0.001525902,2,131074,-1.28,0,0,0,0,0,0,0,0,0,0,0,0,0,39,0
0,129,-1.288473,-0.006318151,13,0.001525902,2,131074,-1.29,0,0,0,0,0,0,0,0,0,0,0,0,0,39,0
0,130,-1.298594,-0.006686198,13.1,0.001525902,2,131074,-1.3,0,0,0,0,0,0,0,0,0,0,0,0,0,39,0
0,131,-1.308409,-0.007054246,13.2,0.001525902,2,131074,-1.31,0,0,0,0,0,0,0,0,0,0,0,0,0,39,0
0,132,-1.31853,-0.007483635,13.3,0.001525902,2,131074,-1.32,0,0,0,0,0,0,0,0,0,0,0,0,0,39,0
0,133,-1.328345,-0.007913023,13.4,0.001525902,2,131074,-1.33,0,0,0,0,0,0,0,0,0,0,0,0,0,39,0
0,134,-1.338466,-0.008342412,13.5,0.001831083,2,131074,-1.34,0,0,0,0,0,0,0,0,0,0,0,0,0,39,0
0,135,-1.348588,-0.008894484,13.6,0.001525902,2,131074,-1.35,0,0,0,0,0,0,0,0,0,0,0,0,0,39,0
0,136,-1.358402,-0.009446555,13.7,0.001831083,2,131074,-1.36,0,0,0,0,0,0,0,0,0,0,0,0,0,39,0
0,137,-1.368523,-0.01012131,13.8,0.001525902,2,131074,-1.37,0,0,0,0,0,0,0,0,0,0,0,0,0,39,0
0,138,-1.378338,-0.01073472,13.9,0.001525902,2,131074,-1.38,0,0,0,0,0,0,0,0,0,0,0,0,0,39,0
0,139,-1.388459,-0.01140948,14,0.001525902,2,131074,-1.39,0,0,0,0,0,0,0,0,0,0,0,0,0,39,0
0,140,-1.398274,-0.01214557,14.1,0.001525902,2,131074,-1.4,0,0,0,0,0,0,0,0,0,0,0,0,0,39,0
0,141,-1.408395,-0.01294301,14.2,0.001525902,2,131074,-1.41,0,0,0,0,0,0,0,0,0,0,0,0,0,39,0
0,142,-1.418517,-0.0136791,14.3,0.001525902,2,131074,-1.42,0,0,0,0,0,0,0,0,0,0,0,0,0,39,0
0,143,-1.428331,-0.0144152,14.4,0.001525902,2,131074,-1.43,0,0,0,0,0,0,0,0,0,0,0,0,0,39,0
0,144,-1.438452,-0.01515129,14.5,0.001525902,2,131074,-1.44,0,0,0,0,0,0,0,0,0,0,0,0,0,39,0
0,145,-1.448267,-0.01601007,14.6,0.001525902,2,131074,-1.45,0,0,0,0,0,0,0,0,0,0,0,0,0,39,0
0,146,-1.458388,-0.01711421,14.7,0.001525902,2,131074,-1.46,0,0,0,0,0,0,0,0,0,0,0,0,0,39,0
0,147,-1.468203,-0.01840238,14.8,0.001525902,2,131074,-1.47,0,0,0,0,0,0,0,0,0,0,0,0,0,39,0
0,148,-1.478324,-0.02104005,14.9,0.001525902,2,131074,-1.48,0,0,0,0,0,0,0,0,0,0,0,0,0,39,0
0,149,-1.488446,-0.02564065,15,0.001525902,2,131074,-1.49,0,0,0,0,0,0,0,0,0,0,0,0,0,39,0
0,150,-1.49826,-0.03128405,15.1,0.001525902,2,131074,-1.5,0,0,0,0,0,0,0,0,0,0,0,0,0,39,0
0,151,-1.508381,-0.03723415,15.2,0.001525902,2,131074,-1.51,0,0,0,0,0,0,0,0,0,0,0,0,0,39,0
0,152,-1.518196,-0.04336828,15.3,0.001525902,2,131074,-1.52,0,0,0,0,0,0,0,0,0,0,0,0,0,39,0
0,153,-1.528317,-0.04962509,15.4,0.001831083,2,131074,-1.53,0,0,0,0,0,0,0,0,0,0,0,0,0,39,0
0,154,-1.538132,-0.05569787,15.5,0.001831083,2,131074,-1.54,0,0,0,0,0,0,0,0,0,0,0,0,0,39,0
0,155,-1.548253,-0.06201602,15.6,0.001525902,2,131074,-1.55,0,0,0,0,0,0,0,0,0,0,0,0,0,39,0
0,156,-1.507768,-0.04870497,15.7,0.001525902,2,131074,-1.56,0,0,0,0,0,0,0,0,0,0,0,0,0,39,0
0,157,-1.485992,-0.03551659,15.8,0.001525902,2,131586,-1.57,0,0,0,0,0,0,0,0,0,0,0,0,0,39,0
0,158,-1.297981,-0.0002453651,15.9,0.001525902,2,131586,-1.58,0,0,0,0,0,0,0,0,0,0,0,0,0,39,0
0,159,-1.153216,-0.0003067064,16,0.001525902,2,131586,-1.59,0,0,0,0,0,0,0,0,0,0,0,0,0,39,0
0,160,-1.03084,-0.0002453651,16.1,0.001525902,2,131586,-1.6,0,0,0,0,0,0,0,0,0,0,0,0,0,39,0
1,161,-1.035747,-0.0002453651,16.2,0.001525902,2,514,-1.59,0,0,0,0,0,0,0,0,0,0,0,0,0,39,0
</Segment1>

<Graph1>
Analysis=0
Type=EITData
ExternalDataAxis=1
ExternalDataName=
Y2AxisSmoothing=None
YAxisSmoothing=None
XAxisSmoothing=None
Y2AxisReferenceElectrode=(unspecified)
YAxisReferenceElectrode=(unspecified)
XAxisReferenceElectrode=(unspecified)
Y2AxisMath=
YAxisMath=
XAxisMath=
LockAspectRatio=False
Grid=True
Legend=False
GraphTitle=
Y2DataColor=-13447886
GridColor=-10039894
BackgroundColor=-1
SelectionColor=-65536
AnalysisColor=-32768
DataSymbolSize=2
DataSymbolColor=-16777216
DataSymbolType=Circle
DataSymbol=False
DataLineColor=-12490271
DataLine=True
Y2AxisManualScaleMax=
Y2AxisManualScaleMin=
Y2AxisManualAdjustment=False
Y2AxisNormalizeToMass=False
Y2AxisNormalizeWithArea=False
Y2AxisNegateValues=False
Y2AxisScientificLabels=False
Y2AxisReverse=True
Y2AxisLog=False
Y2AxisName=Current (A)
Y2AxisType=Current (A)
Y2Axis=False
YAxisManualScaleMax=
YAxisManualScaleMin=
YAxisManualAdjustment=False
YAxisNormalizeToMass=False
YAxisNormalizeWithArea=False
YAxisNegateValues=False
YAxisScientificLabels=False
YAxisReverse=False
YAxisLog=False
YAxisName=Current (A)
YAxisType=Current (A)
XAxisManualScaleMax=
XAxisManualScaleMin=
XAxisManualAdjustment=False
XAxisNormalizeToMass=False
XAxisNormalizeWithArea=False
XAxisNegateValues=False
XAxisScientificLabels=False
XAxisReverse=False
XAxisLog=False
XAxisName=Potential (V)
XAxisType=Potential (V)
Height=339
Width=1150
LocY=25
LocX=1
</Graph1>

<DockingLayout>
<?xml version="1.0" encoding="utf-16"?>
<!--DockPanel configuration file. Author: Weifen Luo, all rights reserved.-->
<!--!!! AUTOMATICALLY GENERATED FILE. DO NOT MODIFY !!!-->
<DockPanel FormatVersion="1.0" DockLeftPortion="0.25" DockRightPortion="0.25" DockTopPortion="0.25" DockBottomPortion="0.25" ActiveDocumentPane="1" ActivePane="1">
  <Contents Count="4">
    <Content ID="0" PersistString="PowerSTAT.DataView" AutoHidePortion="0.25" IsHidden="False" IsFloat="False" />
    <Content ID="1" PersistString="PowerSTAT.DataBrowser" AutoHidePortion="0.25" IsHidden="False" IsFloat="False" />
    <Content ID="2" PersistString="PowerSTAT.Overlay" AutoHidePortion="0.25" IsHidden="False" IsFloat="False" />
    <Content ID="3" PersistString="PowerSTAT.Graph" AutoHidePortion="0.25" IsHidden="False" IsFloat="False" />
  </Contents>
  <Panes Count="3">
    <Pane ID="0" DockState="DockRight" ActiveContent="0">
      <Contents Count="1">
        <Content ID="0" RefID="0" />
      </Contents>
    </Pane>
    <Pane ID="1" DockState="Document" ActiveContent="1">
      <Contents Count="2">
        <Content ID="0" RefID="1" />
        <Content ID="1" RefID="2" />
      </Contents>
    </Pane>
    <Pane ID="2" DockState="Document" ActiveContent="3">
      <Contents Count="1">
        <Content ID="0" RefID="3" />
      </Contents>
    </Pane>
  </Panes>
  <DockWindows>
    <DockWindow ID="0" DockState="Document" ZOrderIndex="0">
      <NestedPanes Count="2">
        <Pane ID="0" RefID="1" PrevPane="-1" Alignment="Right" Proportion="0.5" />
        <Pane ID="1" RefID="2" PrevPane="1" Alignment="Top" Proportion="0.5" />
      </NestedPanes>
    </DockWindow>
    <DockWindow ID="1" DockState="DockLeft" ZOrderIndex="2">
      <NestedPanes Count="0" />
    </DockWindow>
    <DockWindow ID="2" DockState="DockRight" ZOrderIndex="1">
      <NestedPanes Count="1">
        <Pane ID="0" RefID="0" PrevPane="-1" Alignment="Bottom" Proportion="0.5" />
      </NestedPanes>
    </DockWindow>
    <DockWindow ID="3" DockState="DockTop" ZOrderIndex="3">
      <NestedPanes Count="0" />
    </DockWindow>
    <DockWindow ID="4" DockState="DockBottom" ZOrderIndex="4">
      <NestedPanes Count="0" />
    </DockWindow>
  </DockWindows>
  <FloatWindows Count="0" />
</DockPanel>
</DockingLayout>
